5
2
留着
8
8
1和3好好看！！！
9
11
10
8
0
10
退了吧
7
9
10
33333
10
10
5555
10
7
8
10
10
1
2
4
10
8
8
9999
999，好看
3
4，裙子的错
7
8吧很好看
1
好家伙
7，太辣了
3
10
8
好家伙
10
我没有开弹幕啊？
5
8
这个辣，身为男人的我喜欢
9
10
前面给8这下给9！
没有人
8
2
8
8
8
10
8.5
10
5
7
8
8
9
3
你穿7分！
8
10
9
7
8
10
0
10
8
10
10
没人吗
8
7
10
10
好看
不太喜欢
好看，穿不出门
10
3
10
9
9
9
4
999
9
5
8
5
退了吧
3
10
7
为啥我只能在弹幕上看到好家伙
8
3333333
5
嘶好看
10
6
10
7
3
0
0
9
999
哈哈哈哈哈哈有点小心机
1
怎么拉上去……
77
111
3
88888
哈哈哈哈哈迪士尼
6666
10
1
可
8
9
22222
222222
0
33333333
1
9
8888
好家伙好家伙
6
33333
10
3
10
0
555
6
8
1
8
8
10
5
8
好耶
8
8
10
6
7
10
0
5
0
8
去迪士尼！
8
6
迪士尼
9
7
8
0
10
8
7
5
好家伙
好看
8888
8
8888
没人吗
45
10
4
9
退
999
8
4
0
哈哈哈哈哈哈哈哈哈哈哈哈
8
好看诶
101010
拍照很合适，穿出门就……
10！！
7
77
10
9
7
这个好好看！
7
0
7
5
3
4
退了吧
2
7.8？
5
3
好看的
8
6
1
6
没
8
8
5
8
5
5
7
9
10
1
3
好看
8
7
0
9分
真好看
好看
10好看
8
8
8分，感觉很不错，性格国风，类似旗袍
10真的好看适合
2
2
6
8
8分
6
3
9999999
0
3
10
10
8
8
8
没有女生
6
8
5
6
33333333
8
3
?
9
8
8
果断收藏
5
1
怎么没有弹幕
4
9
2
6
3
6
10
5
9
4
10
6
6
5
8
5
7
6
5
99999
10
10
一定10
10
2
5
1
6
8
10
1
长的好看，穿啥都好看
？？？
9
弹幕呢
奈斯
好看
10
4
0
8
1
23333
3
好家伙
0
0
0
888888
没有哦
好看！
好看
9
4
好看
2
4
比第一个露
显得好肿
就挺好看的
想情趣内衣
5
8
8
0
6
5
9999
2
9999
10
8
9999
芜湖，好好看
10
5分中肯
3
2
44444
5
泡泡袖有点显壮
999
5
6
打咩
1
8
8
6
8
9
有 非常
9
5
1
8
10
6
6
5
50
8
？
10
7
5
8
6
2
8
4
8
5
1
8
7
10
10
10
6
33333
5
10
0
3
7
3
8
5
10
8
7
8
1
5
5
10
这个好
10
0
6
想想想
9
10！!!!
1
想你了
2
10
6
8
8
5555
有人吗
6
33333
8
8
10
1
1
9
5
9
10
3
退吧
好家伙
1
10
3
3
1
说漏嘴了
8
4
10
8
8
好看
7
9
1
4
9
7
5
6
8
10
666
5
5
弹幕咋了
4
风格问题
6
为什么没有弹幕
啊这
8
9
3
10
8
4
10
笑死
6
好家伙
5
888
5
0
8
9
5
10！
10
这个10！
8
0
涂山雅雅
10
10
4
9
5
3
7
2
8
9
8
2
10
4
10
7
这条好看诶
8.5
10
8
2
8
9
这个5
7
8
2
喜欢
6.5
8
8
10
8
5
999999
8
这条适合黑皮！！
6
8888
 7
5
6
1
7
111111
！
9
老婆老婆
7
10
8
0.1
迪士尼可以穿
8
6
2
5
9
可以
7
4
7
7
0
5
 0
8
33
888
8
7
7
9
3
10
8
6
8
8
5
4
8
1
8
十分！
3
6
4
5
5
5叭
1
5
5
5
8
适合蹦迪
7
10
3
9
2
适合黑皮
.
1
10
5
888
 穿去蹦迪
6
9
7
10
哈哈哈哈哈哈哈哈哈哈
0
7
3
7
6
3
6
6.5
10
3
4
10
5
5
777
3
6分
3
1分不能再多了，退了吧
8888
9
7
迪士尼走起啊这条！
想
9
10
8
7
1
1
0
8
3
8
9
0
6
7
7
3333333
7
8
8
7
4
1
5
2
9
8
10！
8
6
6
8
3
5
5 确实感觉有点不伦不类
8
5
9
这个好辣！！
22222
8
2
8
8
9
3
发生甚么事了这是 笑死
9
野餐可以！超好看！
10古戈尔
0
3
333
10古戈尔
我的妈呀！这条好仙好好看
10古戈尔
77
8
1古戈尔
黑肤会比较酷吧
1古戈尔
1古戈尔
只有迪士尼能穿吧
888
8
8
33333
8
1
弹幕呢
弹幕嘞
3
10
8
10
0
10
范方延适可而止
6
7
88
8
6
10101010
10
10啊啊啊啊啊啊
8
6
8
0
退了吧是裙子的问题
2
去迪士尼
1
迪士尼8
好看
女生，10分！是我会穿出门的衣服
女生好喜欢10
10
1
8
10
8
1
3333
6
5
8888
10
10
99999
10
10
1
1
2
这个价格还要啥自行车？
10
333333
8
8
7
8
7
7
好看
3
4
好看
2222
2222
为什么弹幕这么少啊
11111
6
1
7
8
4
好看！！
5
8
3
7
好家伙
公斤
2
9
4
wow
8
9
1111
7
7
还行
3
哈哈哈哈哈哈哈哈哈哈哈
4
留
8
8
3
好的老婆
阿巴巴吧
3
这能穿出门吗
8
5
9
3
去迪士尼
弹幕呢
很可爱哇可以
8
有
3
85-90公斤
去迪士尼和公主抢王子
没有
4
8888
好看但是不日常
3
4
9
10
10
8！
10
7
8
4
1
10
0.1分
1
555555
10
9
8
88888
888
9
3
10
10
10
10
确实是裙子的问题哈哈哈
7
8
8
3
可以
8
10
10
10
1
弹幕？
8
3333
88888
9
8888
5
1
1
10
7
88
9
好看好看
555
99分
6
9
8
喜欢啊
9
8
10
5
3
9
去海边
3
8
10
呃呃呃
6
10
逛街
7
10
8
3
4
10
8
3
10
我没开弹幕吗？
6
9
10
6
0
好漂亮
10
1
7
3
6
4
8
2
7
10
3
8
4
6
4
7
4
10
9
9
6
好看，但是出门就算了吧
10
10
好好看我天
7
8
哈哈哈
10
9
2
3
4
10
8
7分
88
7
退吧退吧
6分
7
3
0
6
6，好看是好看，但是……嗯……
7
999
5
9
9
10
9
9
8888
999
0
8
3
8888
10！！！
10
2
10
6
5
6
十分
蒸汽波！！
6
9
9
1
？
5
满分！！！
8
这件是最好看的
5
3
0
9
7
8
8
4
4
玛卡巴卡
？
9
6
6
4
8888888
9
10
6
2分
7
2
333
8
3
0
6
8
10
6
5
这个价格...
6
8888888
6
10
6
8.5
10
这个好看
？
相亲穿
3
9
8
9
好看
9
2
10
9
好家伙
0
hiahiahia
7
8
2
爱了
10!!!!!!
3
3
3
8
10
0
999
8
9
1
好好看
3
鹦鹉梨！！！
3333
7
6
10
8
7
确实
10
7
7
6
10
8
8分
0
3333333
5
6
4
8
1分辛苦分
6分
333333
4
去迪士尼的时候可以穿这件
1
0
6
10
10
达咩
8
88888
10
没有弹幕吗？
10
33
333
1
9分
8
10分10分
2
9
哈哈哈哈我也有同款裙 7分吧，真的除了拍照就生灰在家，穿不出门
7
6分
8
好看
5，好看但…呃
8
8
3
7
10
有弹幕吗？
2
8
8
四分
7
10
弹幕好少
10
3
7
9
8
10
0
8
好看，但是不能穿出门
6
+10
3
3
+10
6
5
7
7
9
4
10
3
+10
5
10
10
8
3
10
8
5
8
10
10
0
6
10
8
8
2
喜欢！
8
0
2
10
6
5
7
9
3
0
有
8
0
9
10
7
像围裙doge
心围裙doge
999999
好耶
0
8
8
6
7
4
正面像围裙
4
10
9
好好看
6
0
没人？忙着呢？
8
9
o o o o
8
1
，7
6
10
这也不像是同一条裙子啊
9
9
